How many countries do you want to add to the list?
12
Adding country with name Malta to the end of the list.
Adding country with name Ghana to the end of the list.
Adding country with name Pakistan to the end of the list.
Adding country with name "Hong Kong SAR, China" to the end of the list.
Adding country with name Caribbean small states to the end of the list.
Adding country with name Albania to the end of the list.
Adding country with name Cayman Islands to the end of the list.
Adding country with name Liechtenstein to the end of the list.
Adding country with name Antigua and Barbuda to the end of the list.
Adding country with name Tanzania to the end of the list.
Adding country with name Australia to the end of the list.
Adding country with name Spain to the end of the list.

List of countries:
                               1960   1961   1962   1963   1964   1965   1966   1967   1968   1969   1970   1971   1972   1973   1974   1975   1976   1977   1978   1979   1980   1981   1982   1983   1984   1985   1986   1987   1988   1989   1990   1991   1992   1993   1994   1995   1996   1997   1998   1999   2000   2001   2002   2003   2004   2005   2006   2007   2008   2009   2010   2011   2012   2013   2014
0) Malta                       0.00   0.00   0.00   0.00   0.00   0.00   0.00   0.00   0.00   0.00   0.00   0.00   0.00   0.00   0.00   0.00   0.00   0.00   0.00   0.00   0.00   0.00   0.00   0.00   0.00   0.00   0.00   0.00   0.00   0.00   0.00   0.60   0.91   1.37   1.91   2.73   3.14   4.41   5.58   9.25  28.08  58.52  67.45  70.42  74.08  78.12  83.24  88.03  91.64  99.81 107.26 122.37 124.42 129.75 126.99
1) Ghana                       0.00   0.00   0.00   0.00   0.00   0.00   0.00   0.00   0.00   0.00   0.00   0.00   0.00   0.00   0.00   0.00   0.00   0.00   0.00   0.00   0.00   0.00   0.00   0.00   0.00   0.00   0.00   0.00   0.00   0.00   0.00   0.00   0.00   0.01   0.02   0.04   0.07   0.12   0.23   0.38   0.69   1.26   1.95   3.92   8.14  13.44  23.73  33.76  50.07  63.77  71.87  85.27 100.99 108.19 114.82
2) Pakistan                    0.00   0.00   0.00   0.00   0.00   0.00   0.00   0.00   0.00   0.00   0.00   0.00   0.00   0.00   0.00   0.00   0.00   0.00   0.00   0.00   0.00   0.00   0.00   0.00   0.00   0.00   0.00   0.00   0.00   0.00   0.00   0.01   0.01   0.01   0.02   0.03   0.05   0.10   0.14   0.19   0.21   0.51   1.13   1.58   3.24   8.08  21.45  38.34  52.70  55.46  57.28  61.81  67.06  70.13  73.33
3) "Hong Kong SAR, China"      0.00   0.00   0.00   0.00   0.00   0.00   0.00   0.00   0.00   0.00   0.00   0.00   0.00   0.00   0.00   0.00   0.00   0.00   0.00   0.00   0.00   0.00   0.00   0.00   0.02   0.08   0.18   0.50   0.91   1.56   2.31   3.24   3.95   4.87   8.02  12.99  21.70  34.68  48.16  63.50  79.69  83.80  92.53 106.41 119.10 123.89 136.66 155.04 166.19 179.78 195.67 215.50 229.24 237.35 233.62
4) Caribbean small states      0.00   0.00   0.00   0.00   0.00   0.00   0.00   0.00   0.00   0.00   0.00   0.00   0.00   0.00   0.00   0.00   0.00   0.00   0.00   0.00   0.00   0.00   0.00   0.00   0.00   0.00   0.00   0.00   0.00   0.00   0.03   0.10   0.23   0.41   0.63   1.09   1.38   1.73   2.26   4.11  11.21  18.84  31.43  43.08  55.34  65.17  82.95  94.78 103.94 111.05 114.48 107.95 104.22 109.43 112.89
5) Albania                     0.00   0.00   0.00   0.00   0.00   0.00   0.00   0.00   0.00   0.00   0.00   0.00   0.00   0.00   0.00   0.00   0.00   0.00   0.00   0.00   0.00   0.00   0.00   0.00   0.00   0.00   0.00   0.00   0.00   0.00   0.00   0.00   0.00   0.00   0.00   0.00   0.07   0.10   0.17   0.33   0.90  11.95  26.08  33.96  39.16  47.88  60.07  73.35  58.91  78.18  85.47  98.29 110.69 116.16 105.47
6) Cayman Islands              0.00   0.00   0.00   0.00   0.00   0.00   0.00   0.00   0.00   0.00   0.00   0.00   0.00   0.00   0.00   0.00   0.00   0.00   0.00   0.00   0.00   0.00   0.00   0.00   0.00   0.00   0.00   0.00   0.00   0.00   0.00   2.13   3.61   4.40   6.03   8.00   0.00  11.54  13.70  21.13  25.67  39.25  42.47  45.71  71.46 166.47 185.02 197.19 185.80 200.27 181.17 170.98 171.68 167.77 153.75
7) Liechtenstein               0.00   0.00   0.00   0.00   0.00   0.00   0.00   0.00   0.00   0.00   0.00   0.00   0.00   0.00   0.00   0.00   0.00   0.00   0.00   0.00   0.00   0.00   0.00   0.00   0.00   0.00   0.00   0.00   0.00   0.00   0.00   0.00   0.00   0.00   0.00   0.00   0.00   0.00  23.27  27.54  30.22  32.86  33.71  73.23  74.03  79.17  82.09  90.67  95.55  97.63  98.28 101.60  98.43 104.07 109.30
8) Antigua and Barbuda         0.00   0.00   0.00   0.00   0.00   0.00   0.00   0.00   0.00   0.00   0.00   0.00   0.00   0.00   0.00   0.00   0.00   0.00   0.00   0.00   0.00   0.00   0.00   0.00   0.00   0.00   0.00   0.00   0.00   0.00   0.00   0.00   0.00   0.00   0.00   0.00   1.85   1.94   2.02  11.18  28.33  31.66  47.74  56.98  66.08 104.16 132.00 133.16 160.04 156.34 192.55 199.66 143.01 127.09 132.05
9) Tanzania                    0.00   0.00   0.00   0.00   0.00   0.00   0.00   0.00   0.00   0.00   0.00   0.00   0.00   0.00   0.00   0.00   0.00   0.00   0.00   0.00   0.00   0.00   0.00   0.00   0.00   0.00   0.00   0.00   0.00   0.00   0.00   0.00   0.00   0.00   0.00   0.01   0.03   0.06   0.12   0.15   0.32   0.79   1.69   3.53   5.14   7.63  14.04  20.07  30.71  40.03  46.66  55.37  56.96  55.72  62.77
10)Australia                   0.00   0.00   0.00   0.00   0.00   0.00   0.00   0.00   0.00   0.00   0.00   0.00   0.00   0.00   0.00   0.00   0.00   0.00   0.00   0.00   0.00   0.00   0.00   0.00   0.00   0.00   0.00   0.03   0.19   0.56   1.08   1.68   2.84   3.89   6.81  12.37  21.76  24.66  26.17  33.19  44.46  57.12  64.27  71.90  81.51  89.76  94.70 100.06 102.19 100.74 100.43 104.61 105.59 106.84 131.23
11)Spain                       0.00   0.00   0.00   0.00   0.00   0.00   0.00   0.00   0.00   0.00   0.00   0.00   0.00   0.00   0.00   0.00   0.00   0.00   0.00   0.00   0.00   0.00   0.00   0.00   0.00   0.00   0.00   0.01   0.03   0.08   0.14   0.28   0.46   0.66   1.05   2.40   7.59  10.95  16.20  37.56  60.24  72.76  81.10  88.59  90.43  98.40 103.76 108.41 109.68 111.58 111.28 113.06 108.36 106.89 107.85


Testing copying listOfCountries object...
Before modifying copied list.
original list:
                               1960   1961   1962   1963   1964   1965   1966   1967   1968   1969   1970   1971   1972   1973   1974   1975   1976   1977   1978   1979   1980   1981   1982   1983   1984   1985   1986   1987   1988   1989   1990   1991   1992   1993   1994   1995   1996   1997   1998   1999   2000   2001   2002   2003   2004   2005   2006   2007   2008   2009   2010   2011   2012   2013   2014
0) Malta                       0.00   0.00   0.00   0.00   0.00   0.00   0.00   0.00   0.00   0.00   0.00   0.00   0.00   0.00   0.00   0.00   0.00   0.00   0.00   0.00   0.00   0.00   0.00   0.00   0.00   0.00   0.00   0.00   0.00   0.00   0.00   0.60   0.91   1.37   1.91   2.73   3.14   4.41   5.58   9.25  28.08  58.52  67.45  70.42  74.08  78.12  83.24  88.03  91.64  99.81 107.26 122.37 124.42 129.75 126.99
1) Ghana                       0.00   0.00   0.00   0.00   0.00   0.00   0.00   0.00   0.00   0.00   0.00   0.00   0.00   0.00   0.00   0.00   0.00   0.00   0.00   0.00   0.00   0.00   0.00   0.00   0.00   0.00   0.00   0.00   0.00   0.00   0.00   0.00   0.00   0.01   0.02   0.04   0.07   0.12   0.23   0.38   0.69   1.26   1.95   3.92   8.14  13.44  23.73  33.76  50.07  63.77  71.87  85.27 100.99 108.19 114.82
2) Pakistan                    0.00   0.00   0.00   0.00   0.00   0.00   0.00   0.00   0.00   0.00   0.00   0.00   0.00   0.00   0.00   0.00   0.00   0.00   0.00   0.00   0.00   0.00   0.00   0.00   0.00   0.00   0.00   0.00   0.00   0.00   0.00   0.01   0.01   0.01   0.02   0.03   0.05   0.10   0.14   0.19   0.21   0.51   1.13   1.58   3.24   8.08  21.45  38.34  52.70  55.46  57.28  61.81  67.06  70.13  73.33
3) "Hong Kong SAR, China"      0.00   0.00   0.00   0.00   0.00   0.00   0.00   0.00   0.00   0.00   0.00   0.00   0.00   0.00   0.00   0.00   0.00   0.00   0.00   0.00   0.00   0.00   0.00   0.00   0.02   0.08   0.18   0.50   0.91   1.56   2.31   3.24   3.95   4.87   8.02  12.99  21.70  34.68  48.16  63.50  79.69  83.80  92.53 106.41 119.10 123.89 136.66 155.04 166.19 179.78 195.67 215.50 229.24 237.35 233.62
4) Caribbean small states      0.00   0.00   0.00   0.00   0.00   0.00   0.00   0.00   0.00   0.00   0.00   0.00   0.00   0.00   0.00   0.00   0.00   0.00   0.00   0.00   0.00   0.00   0.00   0.00   0.00   0.00   0.00   0.00   0.00   0.00   0.03   0.10   0.23   0.41   0.63   1.09   1.38   1.73   2.26   4.11  11.21  18.84  31.43  43.08  55.34  65.17  82.95  94.78 103.94 111.05 114.48 107.95 104.22 109.43 112.89
5) Albania                     0.00   0.00   0.00   0.00   0.00   0.00   0.00   0.00   0.00   0.00   0.00   0.00   0.00   0.00   0.00   0.00   0.00   0.00   0.00   0.00   0.00   0.00   0.00   0.00   0.00   0.00   0.00   0.00   0.00   0.00   0.00   0.00   0.00   0.00   0.00   0.00   0.07   0.10   0.17   0.33   0.90  11.95  26.08  33.96  39.16  47.88  60.07  73.35  58.91  78.18  85.47  98.29 110.69 116.16 105.47
6) Cayman Islands              0.00   0.00   0.00   0.00   0.00   0.00   0.00   0.00   0.00   0.00   0.00   0.00   0.00   0.00   0.00   0.00   0.00   0.00   0.00   0.00   0.00   0.00   0.00   0.00   0.00   0.00   0.00   0.00   0.00   0.00   0.00   2.13   3.61   4.40   6.03   8.00   0.00  11.54  13.70  21.13  25.67  39.25  42.47  45.71  71.46 166.47 185.02 197.19 185.80 200.27 181.17 170.98 171.68 167.77 153.75
7) Liechtenstein               0.00   0.00   0.00   0.00   0.00   0.00   0.00   0.00   0.00   0.00   0.00   0.00   0.00   0.00   0.00   0.00   0.00   0.00   0.00   0.00   0.00   0.00   0.00   0.00   0.00   0.00   0.00   0.00   0.00   0.00   0.00   0.00   0.00   0.00   0.00   0.00   0.00   0.00  23.27  27.54  30.22  32.86  33.71  73.23  74.03  79.17  82.09  90.67  95.55  97.63  98.28 101.60  98.43 104.07 109.30
8) Antigua and Barbuda         0.00   0.00   0.00   0.00   0.00   0.00   0.00   0.00   0.00   0.00   0.00   0.00   0.00   0.00   0.00   0.00   0.00   0.00   0.00   0.00   0.00   0.00   0.00   0.00   0.00   0.00   0.00   0.00   0.00   0.00   0.00   0.00   0.00   0.00   0.00   0.00   1.85   1.94   2.02  11.18  28.33  31.66  47.74  56.98  66.08 104.16 132.00 133.16 160.04 156.34 192.55 199.66 143.01 127.09 132.05
9) Tanzania                    0.00   0.00   0.00   0.00   0.00   0.00   0.00   0.00   0.00   0.00   0.00   0.00   0.00   0.00   0.00   0.00   0.00   0.00   0.00   0.00   0.00   0.00   0.00   0.00   0.00   0.00   0.00   0.00   0.00   0.00   0.00   0.00   0.00   0.00   0.00   0.01   0.03   0.06   0.12   0.15   0.32   0.79   1.69   3.53   5.14   7.63  14.04  20.07  30.71  40.03  46.66  55.37  56.96  55.72  62.77
10)Australia                   0.00   0.00   0.00   0.00   0.00   0.00   0.00   0.00   0.00   0.00   0.00   0.00   0.00   0.00   0.00   0.00   0.00   0.00   0.00   0.00   0.00   0.00   0.00   0.00   0.00   0.00   0.00   0.03   0.19   0.56   1.08   1.68   2.84   3.89   6.81  12.37  21.76  24.66  26.17  33.19  44.46  57.12  64.27  71.90  81.51  89.76  94.70 100.06 102.19 100.74 100.43 104.61 105.59 106.84 131.23
11)Spain                       0.00   0.00   0.00   0.00   0.00   0.00   0.00   0.00   0.00   0.00   0.00   0.00   0.00   0.00   0.00   0.00   0.00   0.00   0.00   0.00   0.00   0.00   0.00   0.00   0.00   0.00   0.00   0.01   0.03   0.08   0.14   0.28   0.46   0.66   1.05   2.40   7.59  10.95  16.20  37.56  60.24  72.76  81.10  88.59  90.43  98.40 103.76 108.41 109.68 111.58 111.28 113.06 108.36 106.89 107.85


copied list:
                               1960   1961   1962   1963   1964   1965   1966   1967   1968   1969   1970   1971   1972   1973   1974   1975   1976   1977   1978   1979   1980   1981   1982   1983   1984   1985   1986   1987   1988   1989   1990   1991   1992   1993   1994   1995   1996   1997   1998   1999   2000   2001   2002   2003   2004   2005   2006   2007   2008   2009   2010   2011   2012   2013   2014
0) Malta                       0.00   0.00   0.00   0.00   0.00   0.00   0.00   0.00   0.00   0.00   0.00   0.00   0.00   0.00   0.00   0.00   0.00   0.00   0.00   0.00   0.00   0.00   0.00   0.00   0.00   0.00   0.00   0.00   0.00   0.00   0.00   0.60   0.91   1.37   1.91   2.73   3.14   4.41   5.58   9.25  28.08  58.52  67.45  70.42  74.08  78.12  83.24  88.03  91.64  99.81 107.26 122.37 124.42 129.75 126.99
1) Ghana                       0.00   0.00   0.00   0.00   0.00   0.00   0.00   0.00   0.00   0.00   0.00   0.00   0.00   0.00   0.00   0.00   0.00   0.00   0.00   0.00   0.00   0.00   0.00   0.00   0.00   0.00   0.00   0.00   0.00   0.00   0.00   0.00   0.00   0.01   0.02   0.04   0.07   0.12   0.23   0.38   0.69   1.26   1.95   3.92   8.14  13.44  23.73  33.76  50.07  63.77  71.87  85.27 100.99 108.19 114.82
2) Pakistan                    0.00   0.00   0.00   0.00   0.00   0.00   0.00   0.00   0.00   0.00   0.00   0.00   0.00   0.00   0.00   0.00   0.00   0.00   0.00   0.00   0.00   0.00   0.00   0.00   0.00   0.00   0.00   0.00   0.00   0.00   0.00   0.01   0.01   0.01   0.02   0.03   0.05   0.10   0.14   0.19   0.21   0.51   1.13   1.58   3.24   8.08  21.45  38.34  52.70  55.46  57.28  61.81  67.06  70.13  73.33
3) "Hong Kong SAR, China"      0.00   0.00   0.00   0.00   0.00   0.00   0.00   0.00   0.00   0.00   0.00   0.00   0.00   0.00   0.00   0.00   0.00   0.00   0.00   0.00   0.00   0.00   0.00   0.00   0.02   0.08   0.18   0.50   0.91   1.56   2.31   3.24   3.95   4.87   8.02  12.99  21.70  34.68  48.16  63.50  79.69  83.80  92.53 106.41 119.10 123.89 136.66 155.04 166.19 179.78 195.67 215.50 229.24 237.35 233.62
4) Caribbean small states      0.00   0.00   0.00   0.00   0.00   0.00   0.00   0.00   0.00   0.00   0.00   0.00   0.00   0.00   0.00   0.00   0.00   0.00   0.00   0.00   0.00   0.00   0.00   0.00   0.00   0.00   0.00   0.00   0.00   0.00   0.03   0.10   0.23   0.41   0.63   1.09   1.38   1.73   2.26   4.11  11.21  18.84  31.43  43.08  55.34  65.17  82.95  94.78 103.94 111.05 114.48 107.95 104.22 109.43 112.89
5) Albania                     0.00   0.00   0.00   0.00   0.00   0.00   0.00   0.00   0.00   0.00   0.00   0.00   0.00   0.00   0.00   0.00   0.00   0.00   0.00   0.00   0.00   0.00   0.00   0.00   0.00   0.00   0.00   0.00   0.00   0.00   0.00   0.00   0.00   0.00   0.00   0.00   0.07   0.10   0.17   0.33   0.90  11.95  26.08  33.96  39.16  47.88  60.07  73.35  58.91  78.18  85.47  98.29 110.69 116.16 105.47
6) Cayman Islands              0.00   0.00   0.00   0.00   0.00   0.00   0.00   0.00   0.00   0.00   0.00   0.00   0.00   0.00   0.00   0.00   0.00   0.00   0.00   0.00   0.00   0.00   0.00   0.00   0.00   0.00   0.00   0.00   0.00   0.00   0.00   2.13   3.61   4.40   6.03   8.00   0.00  11.54  13.70  21.13  25.67  39.25  42.47  45.71  71.46 166.47 185.02 197.19 185.80 200.27 181.17 170.98 171.68 167.77 153.75
7) Liechtenstein               0.00   0.00   0.00   0.00   0.00   0.00   0.00   0.00   0.00   0.00   0.00   0.00   0.00   0.00   0.00   0.00   0.00   0.00   0.00   0.00   0.00   0.00   0.00   0.00   0.00   0.00   0.00   0.00   0.00   0.00   0.00   0.00   0.00   0.00   0.00   0.00   0.00   0.00  23.27  27.54  30.22  32.86  33.71  73.23  74.03  79.17  82.09  90.67  95.55  97.63  98.28 101.60  98.43 104.07 109.30
8) Antigua and Barbuda         0.00   0.00   0.00   0.00   0.00   0.00   0.00   0.00   0.00   0.00   0.00   0.00   0.00   0.00   0.00   0.00   0.00   0.00   0.00   0.00   0.00   0.00   0.00   0.00   0.00   0.00   0.00   0.00   0.00   0.00   0.00   0.00   0.00   0.00   0.00   0.00   1.85   1.94   2.02  11.18  28.33  31.66  47.74  56.98  66.08 104.16 132.00 133.16 160.04 156.34 192.55 199.66 143.01 127.09 132.05
9) Tanzania                    0.00   0.00   0.00   0.00   0.00   0.00   0.00   0.00   0.00   0.00   0.00   0.00   0.00   0.00   0.00   0.00   0.00   0.00   0.00   0.00   0.00   0.00   0.00   0.00   0.00   0.00   0.00   0.00   0.00   0.00   0.00   0.00   0.00   0.00   0.00   0.01   0.03   0.06   0.12   0.15   0.32   0.79   1.69   3.53   5.14   7.63  14.04  20.07  30.71  40.03  46.66  55.37  56.96  55.72  62.77
10)Australia                   0.00   0.00   0.00   0.00   0.00   0.00   0.00   0.00   0.00   0.00   0.00   0.00   0.00   0.00   0.00   0.00   0.00   0.00   0.00   0.00   0.00   0.00   0.00   0.00   0.00   0.00   0.00   0.03   0.19   0.56   1.08   1.68   2.84   3.89   6.81  12.37  21.76  24.66  26.17  33.19  44.46  57.12  64.27  71.90  81.51  89.76  94.70 100.06 102.19 100.74 100.43 104.61 105.59 106.84 131.23
11)Spain                       0.00   0.00   0.00   0.00   0.00   0.00   0.00   0.00   0.00   0.00   0.00   0.00   0.00   0.00   0.00   0.00   0.00   0.00   0.00   0.00   0.00   0.00   0.00   0.00   0.00   0.00   0.00   0.01   0.03   0.08   0.14   0.28   0.46   0.66   1.05   2.40   7.59  10.95  16.20  37.56  60.24  72.76  81.10  88.59  90.43  98.40 103.76 108.41 109.68 111.58 111.28 113.06 108.36 106.89 107.85


Which index in the list do you want to modify the name?
0

Set the name of the country from Malta to Mordor

original list:
                               1960   1961   1962   1963   1964   1965   1966   1967   1968   1969   1970   1971   1972   1973   1974   1975   1976   1977   1978   1979   1980   1981   1982   1983   1984   1985   1986   1987   1988   1989   1990   1991   1992   1993   1994   1995   1996   1997   1998   1999   2000   2001   2002   2003   2004   2005   2006   2007   2008   2009   2010   2011   2012   2013   2014
0) Malta                       0.00   0.00   0.00   0.00   0.00   0.00   0.00   0.00   0.00   0.00   0.00   0.00   0.00   0.00   0.00   0.00   0.00   0.00   0.00   0.00   0.00   0.00   0.00   0.00   0.00   0.00   0.00   0.00   0.00   0.00   0.00   0.60   0.91   1.37   1.91   2.73   3.14   4.41   5.58   9.25  28.08  58.52  67.45  70.42  74.08  78.12  83.24  88.03  91.64  99.81 107.26 122.37 124.42 129.75 126.99
1) Ghana                       0.00   0.00   0.00   0.00   0.00   0.00   0.00   0.00   0.00   0.00   0.00   0.00   0.00   0.00   0.00   0.00   0.00   0.00   0.00   0.00   0.00   0.00   0.00   0.00   0.00   0.00   0.00   0.00   0.00   0.00   0.00   0.00   0.00   0.01   0.02   0.04   0.07   0.12   0.23   0.38   0.69   1.26   1.95   3.92   8.14  13.44  23.73  33.76  50.07  63.77  71.87  85.27 100.99 108.19 114.82
2) Pakistan                    0.00   0.00   0.00   0.00   0.00   0.00   0.00   0.00   0.00   0.00   0.00   0.00   0.00   0.00   0.00   0.00   0.00   0.00   0.00   0.00   0.00   0.00   0.00   0.00   0.00   0.00   0.00   0.00   0.00   0.00   0.00   0.01   0.01   0.01   0.02   0.03   0.05   0.10   0.14   0.19   0.21   0.51   1.13   1.58   3.24   8.08  21.45  38.34  52.70  55.46  57.28  61.81  67.06  70.13  73.33
3) "Hong Kong SAR, China"      0.00   0.00   0.00   0.00   0.00   0.00   0.00   0.00   0.00   0.00   0.00   0.00   0.00   0.00   0.00   0.00   0.00   0.00   0.00   0.00   0.00   0.00   0.00   0.00   0.02   0.08   0.18   0.50   0.91   1.56   2.31   3.24   3.95   4.87   8.02  12.99  21.70  34.68  48.16  63.50  79.69  83.80  92.53 106.41 119.10 123.89 136.66 155.04 166.19 179.78 195.67 215.50 229.24 237.35 233.62
4) Caribbean small states      0.00   0.00   0.00   0.00   0.00   0.00   0.00   0.00   0.00   0.00   0.00   0.00   0.00   0.00   0.00   0.00   0.00   0.00   0.00   0.00   0.00   0.00   0.00   0.00   0.00   0.00   0.00   0.00   0.00   0.00   0.03   0.10   0.23   0.41   0.63   1.09   1.38   1.73   2.26   4.11  11.21  18.84  31.43  43.08  55.34  65.17  82.95  94.78 103.94 111.05 114.48 107.95 104.22 109.43 112.89
5) Albania                     0.00   0.00   0.00   0.00   0.00   0.00   0.00   0.00   0.00   0.00   0.00   0.00   0.00   0.00   0.00   0.00   0.00   0.00   0.00   0.00   0.00   0.00   0.00   0.00   0.00   0.00   0.00   0.00   0.00   0.00   0.00   0.00   0.00   0.00   0.00   0.00   0.07   0.10   0.17   0.33   0.90  11.95  26.08  33.96  39.16  47.88  60.07  73.35  58.91  78.18  85.47  98.29 110.69 116.16 105.47
6) Cayman Islands              0.00   0.00   0.00   0.00   0.00   0.00   0.00   0.00   0.00   0.00   0.00   0.00   0.00   0.00   0.00   0.00   0.00   0.00   0.00   0.00   0.00   0.00   0.00   0.00   0.00   0.00   0.00   0.00   0.00   0.00   0.00   2.13   3.61   4.40   6.03   8.00   0.00  11.54  13.70  21.13  25.67  39.25  42.47  45.71  71.46 166.47 185.02 197.19 185.80 200.27 181.17 170.98 171.68 167.77 153.75
7) Liechtenstein               0.00   0.00   0.00   0.00   0.00   0.00   0.00   0.00   0.00   0.00   0.00   0.00   0.00   0.00   0.00   0.00   0.00   0.00   0.00   0.00   0.00   0.00   0.00   0.00   0.00   0.00   0.00   0.00   0.00   0.00   0.00   0.00   0.00   0.00   0.00   0.00   0.00   0.00  23.27  27.54  30.22  32.86  33.71  73.23  74.03  79.17  82.09  90.67  95.55  97.63  98.28 101.60  98.43 104.07 109.30
8) Antigua and Barbuda         0.00   0.00   0.00   0.00   0.00   0.00   0.00   0.00   0.00   0.00   0.00   0.00   0.00   0.00   0.00   0.00   0.00   0.00   0.00   0.00   0.00   0.00   0.00   0.00   0.00   0.00   0.00   0.00   0.00   0.00   0.00   0.00   0.00   0.00   0.00   0.00   1.85   1.94   2.02  11.18  28.33  31.66  47.74  56.98  66.08 104.16 132.00 133.16 160.04 156.34 192.55 199.66 143.01 127.09 132.05
9) Tanzania                    0.00   0.00   0.00   0.00   0.00   0.00   0.00   0.00   0.00   0.00   0.00   0.00   0.00   0.00   0.00   0.00   0.00   0.00   0.00   0.00   0.00   0.00   0.00   0.00   0.00   0.00   0.00   0.00   0.00   0.00   0.00   0.00   0.00   0.00   0.00   0.01   0.03   0.06   0.12   0.15   0.32   0.79   1.69   3.53   5.14   7.63  14.04  20.07  30.71  40.03  46.66  55.37  56.96  55.72  62.77
10)Australia                   0.00   0.00   0.00   0.00   0.00   0.00   0.00   0.00   0.00   0.00   0.00   0.00   0.00   0.00   0.00   0.00   0.00   0.00   0.00   0.00   0.00   0.00   0.00   0.00   0.00   0.00   0.00   0.03   0.19   0.56   1.08   1.68   2.84   3.89   6.81  12.37  21.76  24.66  26.17  33.19  44.46  57.12  64.27  71.90  81.51  89.76  94.70 100.06 102.19 100.74 100.43 104.61 105.59 106.84 131.23
11)Spain                       0.00   0.00   0.00   0.00   0.00   0.00   0.00   0.00   0.00   0.00   0.00   0.00   0.00   0.00   0.00   0.00   0.00   0.00   0.00   0.00   0.00   0.00   0.00   0.00   0.00   0.00   0.00   0.01   0.03   0.08   0.14   0.28   0.46   0.66   1.05   2.40   7.59  10.95  16.20  37.56  60.24  72.76  81.10  88.59  90.43  98.40 103.76 108.41 109.68 111.58 111.28 113.06 108.36 106.89 107.85


copied list:
                               1960   1961   1962   1963   1964   1965   1966   1967   1968   1969   1970   1971   1972   1973   1974   1975   1976   1977   1978   1979   1980   1981   1982   1983   1984   1985   1986   1987   1988   1989   1990   1991   1992   1993   1994   1995   1996   1997   1998   1999   2000   2001   2002   2003   2004   2005   2006   2007   2008   2009   2010   2011   2012   2013   2014
0) Mordor                      0.00   0.00   0.00   0.00   0.00   0.00   0.00   0.00   0.00   0.00   0.00   0.00   0.00   0.00   0.00   0.00   0.00   0.00   0.00   0.00   0.00   0.00   0.00   0.00   0.00   0.00   0.00   0.00   0.00   0.00   0.00   0.60   0.91   1.37   1.91   2.73   3.14   4.41   5.58   9.25  28.08  58.52  67.45  70.42  74.08  78.12  83.24  88.03  91.64  99.81 107.26 122.37 124.42 129.75 126.99
1) Ghana                       0.00   0.00   0.00   0.00   0.00   0.00   0.00   0.00   0.00   0.00   0.00   0.00   0.00   0.00   0.00   0.00   0.00   0.00   0.00   0.00   0.00   0.00   0.00   0.00   0.00   0.00   0.00   0.00   0.00   0.00   0.00   0.00   0.00   0.01   0.02   0.04   0.07   0.12   0.23   0.38   0.69   1.26   1.95   3.92   8.14  13.44  23.73  33.76  50.07  63.77  71.87  85.27 100.99 108.19 114.82
2) Pakistan                    0.00   0.00   0.00   0.00   0.00   0.00   0.00   0.00   0.00   0.00   0.00   0.00   0.00   0.00   0.00   0.00   0.00   0.00   0.00   0.00   0.00   0.00   0.00   0.00   0.00   0.00   0.00   0.00   0.00   0.00   0.00   0.01   0.01   0.01   0.02   0.03   0.05   0.10   0.14   0.19   0.21   0.51   1.13   1.58   3.24   8.08  21.45  38.34  52.70  55.46  57.28  61.81  67.06  70.13  73.33
3) "Hong Kong SAR, China"      0.00   0.00   0.00   0.00   0.00   0.00   0.00   0.00   0.00   0.00   0.00   0.00   0.00   0.00   0.00   0.00   0.00   0.00   0.00   0.00   0.00   0.00   0.00   0.00   0.02   0.08   0.18   0.50   0.91   1.56   2.31   3.24   3.95   4.87   8.02  12.99  21.70  34.68  48.16  63.50  79.69  83.80  92.53 106.41 119.10 123.89 136.66 155.04 166.19 179.78 195.67 215.50 229.24 237.35 233.62
4) Caribbean small states      0.00   0.00   0.00   0.00   0.00   0.00   0.00   0.00   0.00   0.00   0.00   0.00   0.00   0.00   0.00   0.00   0.00   0.00   0.00   0.00   0.00   0.00   0.00   0.00   0.00   0.00   0.00   0.00   0.00   0.00   0.03   0.10   0.23   0.41   0.63   1.09   1.38   1.73   2.26   4.11  11.21  18.84  31.43  43.08  55.34  65.17  82.95  94.78 103.94 111.05 114.48 107.95 104.22 109.43 112.89
5) Albania                     0.00   0.00   0.00   0.00   0.00   0.00   0.00   0.00   0.00   0.00   0.00   0.00   0.00   0.00   0.00   0.00   0.00   0.00   0.00   0.00   0.00   0.00   0.00   0.00   0.00   0.00   0.00   0.00   0.00   0.00   0.00   0.00   0.00   0.00   0.00   0.00   0.07   0.10   0.17   0.33   0.90  11.95  26.08  33.96  39.16  47.88  60.07  73.35  58.91  78.18  85.47  98.29 110.69 116.16 105.47
6) Cayman Islands              0.00   0.00   0.00   0.00   0.00   0.00   0.00   0.00   0.00   0.00   0.00   0.00   0.00   0.00   0.00   0.00   0.00   0.00   0.00   0.00   0.00   0.00   0.00   0.00   0.00   0.00   0.00   0.00   0.00   0.00   0.00   2.13   3.61   4.40   6.03   8.00   0.00  11.54  13.70  21.13  25.67  39.25  42.47  45.71  71.46 166.47 185.02 197.19 185.80 200.27 181.17 170.98 171.68 167.77 153.75
7) Liechtenstein               0.00   0.00   0.00   0.00   0.00   0.00   0.00   0.00   0.00   0.00   0.00   0.00   0.00   0.00   0.00   0.00   0.00   0.00   0.00   0.00   0.00   0.00   0.00   0.00   0.00   0.00   0.00   0.00   0.00   0.00   0.00   0.00   0.00   0.00   0.00   0.00   0.00   0.00  23.27  27.54  30.22  32.86  33.71  73.23  74.03  79.17  82.09  90.67  95.55  97.63  98.28 101.60  98.43 104.07 109.30
8) Antigua and Barbuda         0.00   0.00   0.00   0.00   0.00   0.00   0.00   0.00   0.00   0.00   0.00   0.00   0.00   0.00   0.00   0.00   0.00   0.00   0.00   0.00   0.00   0.00   0.00   0.00   0.00   0.00   0.00   0.00   0.00   0.00   0.00   0.00   0.00   0.00   0.00   0.00   1.85   1.94   2.02  11.18  28.33  31.66  47.74  56.98  66.08 104.16 132.00 133.16 160.04 156.34 192.55 199.66 143.01 127.09 132.05
9) Tanzania                    0.00   0.00   0.00   0.00   0.00   0.00   0.00   0.00   0.00   0.00   0.00   0.00   0.00   0.00   0.00   0.00   0.00   0.00   0.00   0.00   0.00   0.00   0.00   0.00   0.00   0.00   0.00   0.00   0.00   0.00   0.00   0.00   0.00   0.00   0.00   0.01   0.03   0.06   0.12   0.15   0.32   0.79   1.69   3.53   5.14   7.63  14.04  20.07  30.71  40.03  46.66  55.37  56.96  55.72  62.77
10)Australia                   0.00   0.00   0.00   0.00   0.00   0.00   0.00   0.00   0.00   0.00   0.00   0.00   0.00   0.00   0.00   0.00   0.00   0.00   0.00   0.00   0.00   0.00   0.00   0.00   0.00   0.00   0.00   0.03   0.19   0.56   1.08   1.68   2.84   3.89   6.81  12.37  21.76  24.66  26.17  33.19  44.46  57.12  64.27  71.90  81.51  89.76  94.70 100.06 102.19 100.74 100.43 104.61 105.59 106.84 131.23
11)Spain                       0.00   0.00   0.00   0.00   0.00   0.00   0.00   0.00   0.00   0.00   0.00   0.00   0.00   0.00   0.00   0.00   0.00   0.00   0.00   0.00   0.00   0.00   0.00   0.00   0.00   0.00   0.00   0.01   0.03   0.08   0.14   0.28   0.46   0.66   1.05   2.40   7.59  10.95  16.20  37.56  60.24  72.76  81.10  88.59  90.43  98.40 103.76 108.41 109.68 111.58 111.28 113.06 108.36 106.89 107.85


Which index in the list do you want to modify the subscriptions?
2

Modified Pakistan's subscriptions in the year 1960 from 0.00 to 99.99

Modified Pakistan's subscriptions in the year 1961 from 0.00 to 88.88

Modified Pakistan's subscriptions in the year 1963 from 0.00 to 77.77

original list:
                               1960   1961   1962   1963   1964   1965   1966   1967   1968   1969   1970   1971   1972   1973   1974   1975   1976   1977   1978   1979   1980   1981   1982   1983   1984   1985   1986   1987   1988   1989   1990   1991   1992   1993   1994   1995   1996   1997   1998   1999   2000   2001   2002   2003   2004   2005   2006   2007   2008   2009   2010   2011   2012   2013   2014
0) Malta                       0.00   0.00   0.00   0.00   0.00   0.00   0.00   0.00   0.00   0.00   0.00   0.00   0.00   0.00   0.00   0.00   0.00   0.00   0.00   0.00   0.00   0.00   0.00   0.00   0.00   0.00   0.00   0.00   0.00   0.00   0.00   0.60   0.91   1.37   1.91   2.73   3.14   4.41   5.58   9.25  28.08  58.52  67.45  70.42  74.08  78.12  83.24  88.03  91.64  99.81 107.26 122.37 124.42 129.75 126.99
1) Ghana                       0.00   0.00   0.00   0.00   0.00   0.00   0.00   0.00   0.00   0.00   0.00   0.00   0.00   0.00   0.00   0.00   0.00   0.00   0.00   0.00   0.00   0.00   0.00   0.00   0.00   0.00   0.00   0.00   0.00   0.00   0.00   0.00   0.00   0.01   0.02   0.04   0.07   0.12   0.23   0.38   0.69   1.26   1.95   3.92   8.14  13.44  23.73  33.76  50.07  63.77  71.87  85.27 100.99 108.19 114.82
2) Pakistan                    0.00   0.00   0.00   0.00   0.00   0.00   0.00   0.00   0.00   0.00   0.00   0.00   0.00   0.00   0.00   0.00   0.00   0.00   0.00   0.00   0.00   0.00   0.00   0.00   0.00   0.00   0.00   0.00   0.00   0.00   0.00   0.01   0.01   0.01   0.02   0.03   0.05   0.10   0.14   0.19   0.21   0.51   1.13   1.58   3.24   8.08  21.45  38.34  52.70  55.46  57.28  61.81  67.06  70.13  73.33
3) "Hong Kong SAR, China"      0.00   0.00   0.00   0.00   0.00   0.00   0.00   0.00   0.00   0.00   0.00   0.00   0.00   0.00   0.00   0.00   0.00   0.00   0.00   0.00   0.00   0.00   0.00   0.00   0.02   0.08   0.18   0.50   0.91   1.56   2.31   3.24   3.95   4.87   8.02  12.99  21.70  34.68  48.16  63.50  79.69  83.80  92.53 106.41 119.10 123.89 136.66 155.04 166.19 179.78 195.67 215.50 229.24 237.35 233.62
4) Caribbean small states      0.00   0.00   0.00   0.00   0.00   0.00   0.00   0.00   0.00   0.00   0.00   0.00   0.00   0.00   0.00   0.00   0.00   0.00   0.00   0.00   0.00   0.00   0.00   0.00   0.00   0.00   0.00   0.00   0.00   0.00   0.03   0.10   0.23   0.41   0.63   1.09   1.38   1.73   2.26   4.11  11.21  18.84  31.43  43.08  55.34  65.17  82.95  94.78 103.94 111.05 114.48 107.95 104.22 109.43 112.89
5) Albania                     0.00   0.00   0.00   0.00   0.00   0.00   0.00   0.00   0.00   0.00   0.00   0.00   0.00   0.00   0.00   0.00   0.00   0.00   0.00   0.00   0.00   0.00   0.00   0.00   0.00   0.00   0.00   0.00   0.00   0.00   0.00   0.00   0.00   0.00   0.00   0.00   0.07   0.10   0.17   0.33   0.90  11.95  26.08  33.96  39.16  47.88  60.07  73.35  58.91  78.18  85.47  98.29 110.69 116.16 105.47
6) Cayman Islands              0.00   0.00   0.00   0.00   0.00   0.00   0.00   0.00   0.00   0.00   0.00   0.00   0.00   0.00   0.00   0.00   0.00   0.00   0.00   0.00   0.00   0.00   0.00   0.00   0.00   0.00   0.00   0.00   0.00   0.00   0.00   2.13   3.61   4.40   6.03   8.00   0.00  11.54  13.70  21.13  25.67  39.25  42.47  45.71  71.46 166.47 185.02 197.19 185.80 200.27 181.17 170.98 171.68 167.77 153.75
7) Liechtenstein               0.00   0.00   0.00   0.00   0.00   0.00   0.00   0.00   0.00   0.00   0.00   0.00   0.00   0.00   0.00   0.00   0.00   0.00   0.00   0.00   0.00   0.00   0.00   0.00   0.00   0.00   0.00   0.00   0.00   0.00   0.00   0.00   0.00   0.00   0.00   0.00   0.00   0.00  23.27  27.54  30.22  32.86  33.71  73.23  74.03  79.17  82.09  90.67  95.55  97.63  98.28 101.60  98.43 104.07 109.30
8) Antigua and Barbuda         0.00   0.00   0.00   0.00   0.00   0.00   0.00   0.00   0.00   0.00   0.00   0.00   0.00   0.00   0.00   0.00   0.00   0.00   0.00   0.00   0.00   0.00   0.00   0.00   0.00   0.00   0.00   0.00   0.00   0.00   0.00   0.00   0.00   0.00   0.00   0.00   1.85   1.94   2.02  11.18  28.33  31.66  47.74  56.98  66.08 104.16 132.00 133.16 160.04 156.34 192.55 199.66 143.01 127.09 132.05
9) Tanzania                    0.00   0.00   0.00   0.00   0.00   0.00   0.00   0.00   0.00   0.00   0.00   0.00   0.00   0.00   0.00   0.00   0.00   0.00   0.00   0.00   0.00   0.00   0.00   0.00   0.00   0.00   0.00   0.00   0.00   0.00   0.00   0.00   0.00   0.00   0.00   0.01   0.03   0.06   0.12   0.15   0.32   0.79   1.69   3.53   5.14   7.63  14.04  20.07  30.71  40.03  46.66  55.37  56.96  55.72  62.77
10)Australia                   0.00   0.00   0.00   0.00   0.00   0.00   0.00   0.00   0.00   0.00   0.00   0.00   0.00   0.00   0.00   0.00   0.00   0.00   0.00   0.00   0.00   0.00   0.00   0.00   0.00   0.00   0.00   0.03   0.19   0.56   1.08   1.68   2.84   3.89   6.81  12.37  21.76  24.66  26.17  33.19  44.46  57.12  64.27  71.90  81.51  89.76  94.70 100.06 102.19 100.74 100.43 104.61 105.59 106.84 131.23
11)Spain                       0.00   0.00   0.00   0.00   0.00   0.00   0.00   0.00   0.00   0.00   0.00   0.00   0.00   0.00   0.00   0.00   0.00   0.00   0.00   0.00   0.00   0.00   0.00   0.00   0.00   0.00   0.00   0.01   0.03   0.08   0.14   0.28   0.46   0.66   1.05   2.40   7.59  10.95  16.20  37.56  60.24  72.76  81.10  88.59  90.43  98.40 103.76 108.41 109.68 111.58 111.28 113.06 108.36 106.89 107.85

copied list:
                               1960   1961   1962   1963   1964   1965   1966   1967   1968   1969   1970   1971   1972   1973   1974   1975   1976   1977   1978   1979   1980   1981   1982   1983   1984   1985   1986   1987   1988   1989   1990   1991   1992   1993   1994   1995   1996   1997   1998   1999   2000   2001   2002   2003   2004   2005   2006   2007   2008   2009   2010   2011   2012   2013   2014
0) Mordor                      0.00   0.00   0.00   0.00   0.00   0.00   0.00   0.00   0.00   0.00   0.00   0.00   0.00   0.00   0.00   0.00   0.00   0.00   0.00   0.00   0.00   0.00   0.00   0.00   0.00   0.00   0.00   0.00   0.00   0.00   0.00   0.60   0.91   1.37   1.91   2.73   3.14   4.41   5.58   9.25  28.08  58.52  67.45  70.42  74.08  78.12  83.24  88.03  91.64  99.81 107.26 122.37 124.42 129.75 126.99
1) Ghana                       0.00   0.00   0.00   0.00   0.00   0.00   0.00   0.00   0.00   0.00   0.00   0.00   0.00   0.00   0.00   0.00   0.00   0.00   0.00   0.00   0.00   0.00   0.00   0.00   0.00   0.00   0.00   0.00   0.00   0.00   0.00   0.00   0.00   0.01   0.02   0.04   0.07   0.12   0.23   0.38   0.69   1.26   1.95   3.92   8.14  13.44  23.73  33.76  50.07  63.77  71.87  85.27 100.99 108.19 114.82
2) Pakistan                   99.99  88.88   0.00  77.77   0.00   0.00   0.00   0.00   0.00   0.00   0.00   0.00   0.00   0.00   0.00   0.00   0.00   0.00   0.00   0.00   0.00   0.00   0.00   0.00   0.00   0.00   0.00   0.00   0.00   0.00   0.00   0.01   0.01   0.01   0.02   0.03   0.05   0.10   0.14   0.19   0.21   0.51   1.13   1.58   3.24   8.08  21.45  38.34  52.70  55.46  57.28  61.81  67.06  70.13  73.33
3) "Hong Kong SAR, China"      0.00   0.00   0.00   0.00   0.00   0.00   0.00   0.00   0.00   0.00   0.00   0.00   0.00   0.00   0.00   0.00   0.00   0.00   0.00   0.00   0.00   0.00   0.00   0.00   0.02   0.08   0.18   0.50   0.91   1.56   2.31   3.24   3.95   4.87   8.02  12.99  21.70  34.68  48.16  63.50  79.69  83.80  92.53 106.41 119.10 123.89 136.66 155.04 166.19 179.78 195.67 215.50 229.24 237.35 233.62
4) Caribbean small states      0.00   0.00   0.00   0.00   0.00   0.00   0.00   0.00   0.00   0.00   0.00   0.00   0.00   0.00   0.00   0.00   0.00   0.00   0.00   0.00   0.00   0.00   0.00   0.00   0.00   0.00   0.00   0.00   0.00   0.00   0.03   0.10   0.23   0.41   0.63   1.09   1.38   1.73   2.26   4.11  11.21  18.84  31.43  43.08  55.34  65.17  82.95  94.78 103.94 111.05 114.48 107.95 104.22 109.43 112.89
5) Albania                     0.00   0.00   0.00   0.00   0.00   0.00   0.00   0.00   0.00   0.00   0.00   0.00   0.00   0.00   0.00   0.00   0.00   0.00   0.00   0.00   0.00   0.00   0.00   0.00   0.00   0.00   0.00   0.00   0.00   0.00   0.00   0.00   0.00   0.00   0.00   0.00   0.07   0.10   0.17   0.33   0.90  11.95  26.08  33.96  39.16  47.88  60.07  73.35  58.91  78.18  85.47  98.29 110.69 116.16 105.47
6) Cayman Islands              0.00   0.00   0.00   0.00   0.00   0.00   0.00   0.00   0.00   0.00   0.00   0.00   0.00   0.00   0.00   0.00   0.00   0.00   0.00   0.00   0.00   0.00   0.00   0.00   0.00   0.00   0.00   0.00   0.00   0.00   0.00   2.13   3.61   4.40   6.03   8.00   0.00  11.54  13.70  21.13  25.67  39.25  42.47  45.71  71.46 166.47 185.02 197.19 185.80 200.27 181.17 170.98 171.68 167.77 153.75
7) Liechtenstein               0.00   0.00   0.00   0.00   0.00   0.00   0.00   0.00   0.00   0.00   0.00   0.00   0.00   0.00   0.00   0.00   0.00   0.00   0.00   0.00   0.00   0.00   0.00   0.00   0.00   0.00   0.00   0.00   0.00   0.00   0.00   0.00   0.00   0.00   0.00   0.00   0.00   0.00  23.27  27.54  30.22  32.86  33.71  73.23  74.03  79.17  82.09  90.67  95.55  97.63  98.28 101.60  98.43 104.07 109.30
8) Antigua and Barbuda         0.00   0.00   0.00   0.00   0.00   0.00   0.00   0.00   0.00   0.00   0.00   0.00   0.00   0.00   0.00   0.00   0.00   0.00   0.00   0.00   0.00   0.00   0.00   0.00   0.00   0.00   0.00   0.00   0.00   0.00   0.00   0.00   0.00   0.00   0.00   0.00   1.85   1.94   2.02  11.18  28.33  31.66  47.74  56.98  66.08 104.16 132.00 133.16 160.04 156.34 192.55 199.66 143.01 127.09 132.05
9) Tanzania                    0.00   0.00   0.00   0.00   0.00   0.00   0.00   0.00   0.00   0.00   0.00   0.00   0.00   0.00   0.00   0.00   0.00   0.00   0.00   0.00   0.00   0.00   0.00   0.00   0.00   0.00   0.00   0.00   0.00   0.00   0.00   0.00   0.00   0.00   0.00   0.01   0.03   0.06   0.12   0.15   0.32   0.79   1.69   3.53   5.14   7.63  14.04  20.07  30.71  40.03  46.66  55.37  56.96  55.72  62.77
10)Australia                   0.00   0.00   0.00   0.00   0.00   0.00   0.00   0.00   0.00   0.00   0.00   0.00   0.00   0.00   0.00   0.00   0.00   0.00   0.00   0.00   0.00   0.00   0.00   0.00   0.00   0.00   0.00   0.03   0.19   0.56   1.08   1.68   2.84   3.89   6.81  12.37  21.76  24.66  26.17  33.19  44.46  57.12  64.27  71.90  81.51  89.76  94.70 100.06 102.19 100.74 100.43 104.61 105.59 106.84 131.23
11)Spain                       0.00   0.00   0.00   0.00   0.00   0.00   0.00   0.00   0.00   0.00   0.00   0.00   0.00   0.00   0.00   0.00   0.00   0.00   0.00   0.00   0.00   0.00   0.00   0.00   0.00   0.00   0.00   0.01   0.03   0.08   0.14   0.28   0.46   0.66   1.05   2.40   7.59  10.95  16.20  37.56  60.24  72.76  81.10  88.59  90.43  98.40 103.76 108.41 109.68 111.58 111.28 113.06 108.36 106.89 107.85


Replaced index 5 with country named Sierra Leone

original list:
                               1960   1961   1962   1963   1964   1965   1966   1967   1968   1969   1970   1971   1972   1973   1974   1975   1976   1977   1978   1979   1980   1981   1982   1983   1984   1985   1986   1987   1988   1989   1990   1991   1992   1993   1994   1995   1996   1997   1998   1999   2000   2001   2002   2003   2004   2005   2006   2007   2008   2009   2010   2011   2012   2013   2014
0) Malta                       0.00   0.00   0.00   0.00   0.00   0.00   0.00   0.00   0.00   0.00   0.00   0.00   0.00   0.00   0.00   0.00   0.00   0.00   0.00   0.00   0.00   0.00   0.00   0.00   0.00   0.00   0.00   0.00   0.00   0.00   0.00   0.60   0.91   1.37   1.91   2.73   3.14   4.41   5.58   9.25  28.08  58.52  67.45  70.42  74.08  78.12  83.24  88.03  91.64  99.81 107.26 122.37 124.42 129.75 126.99
1) Ghana                       0.00   0.00   0.00   0.00   0.00   0.00   0.00   0.00   0.00   0.00   0.00   0.00   0.00   0.00   0.00   0.00   0.00   0.00   0.00   0.00   0.00   0.00   0.00   0.00   0.00   0.00   0.00   0.00   0.00   0.00   0.00   0.00   0.00   0.01   0.02   0.04   0.07   0.12   0.23   0.38   0.69   1.26   1.95   3.92   8.14  13.44  23.73  33.76  50.07  63.77  71.87  85.27 100.99 108.19 114.82
2) Pakistan                    0.00   0.00   0.00   0.00   0.00   0.00   0.00   0.00   0.00   0.00   0.00   0.00   0.00   0.00   0.00   0.00   0.00   0.00   0.00   0.00   0.00   0.00   0.00   0.00   0.00   0.00   0.00   0.00   0.00   0.00   0.00   0.01   0.01   0.01   0.02   0.03   0.05   0.10   0.14   0.19   0.21   0.51   1.13   1.58   3.24   8.08  21.45  38.34  52.70  55.46  57.28  61.81  67.06  70.13  73.33
3) "Hong Kong SAR, China"      0.00   0.00   0.00   0.00   0.00   0.00   0.00   0.00   0.00   0.00   0.00   0.00   0.00   0.00   0.00   0.00   0.00   0.00   0.00   0.00   0.00   0.00   0.00   0.00   0.02   0.08   0.18   0.50   0.91   1.56   2.31   3.24   3.95   4.87   8.02  12.99  21.70  34.68  48.16  63.50  79.69  83.80  92.53 106.41 119.10 123.89 136.66 155.04 166.19 179.78 195.67 215.50 229.24 237.35 233.62
4) Caribbean small states      0.00   0.00   0.00   0.00   0.00   0.00   0.00   0.00   0.00   0.00   0.00   0.00   0.00   0.00   0.00   0.00   0.00   0.00   0.00   0.00   0.00   0.00   0.00   0.00   0.00   0.00   0.00   0.00   0.00   0.00   0.03   0.10   0.23   0.41   0.63   1.09   1.38   1.73   2.26   4.11  11.21  18.84  31.43  43.08  55.34  65.17  82.95  94.78 103.94 111.05 114.48 107.95 104.22 109.43 112.89
5) Albania                     0.00   0.00   0.00   0.00   0.00   0.00   0.00   0.00   0.00   0.00   0.00   0.00   0.00   0.00   0.00   0.00   0.00   0.00   0.00   0.00   0.00   0.00   0.00   0.00   0.00   0.00   0.00   0.00   0.00   0.00   0.00   0.00   0.00   0.00   0.00   0.00   0.07   0.10   0.17   0.33   0.90  11.95  26.08  33.96  39.16  47.88  60.07  73.35  58.91  78.18  85.47  98.29 110.69 116.16 105.47
6) Cayman Islands              0.00   0.00   0.00   0.00   0.00   0.00   0.00   0.00   0.00   0.00   0.00   0.00   0.00   0.00   0.00   0.00   0.00   0.00   0.00   0.00   0.00   0.00   0.00   0.00   0.00   0.00   0.00   0.00   0.00   0.00   0.00   2.13   3.61   4.40   6.03   8.00   0.00  11.54  13.70  21.13  25.67  39.25  42.47  45.71  71.46 166.47 185.02 197.19 185.80 200.27 181.17 170.98 171.68 167.77 153.75
7) Liechtenstein               0.00   0.00   0.00   0.00   0.00   0.00   0.00   0.00   0.00   0.00   0.00   0.00   0.00   0.00   0.00   0.00   0.00   0.00   0.00   0.00   0.00   0.00   0.00   0.00   0.00   0.00   0.00   0.00   0.00   0.00   0.00   0.00   0.00   0.00   0.00   0.00   0.00   0.00  23.27  27.54  30.22  32.86  33.71  73.23  74.03  79.17  82.09  90.67  95.55  97.63  98.28 101.60  98.43 104.07 109.30
8) Antigua and Barbuda         0.00   0.00   0.00   0.00   0.00   0.00   0.00   0.00   0.00   0.00   0.00   0.00   0.00   0.00   0.00   0.00   0.00   0.00   0.00   0.00   0.00   0.00   0.00   0.00   0.00   0.00   0.00   0.00   0.00   0.00   0.00   0.00   0.00   0.00   0.00   0.00   1.85   1.94   2.02  11.18  28.33  31.66  47.74  56.98  66.08 104.16 132.00 133.16 160.04 156.34 192.55 199.66 143.01 127.09 132.05
9) Tanzania                    0.00   0.00   0.00   0.00   0.00   0.00   0.00   0.00   0.00   0.00   0.00   0.00   0.00   0.00   0.00   0.00   0.00   0.00   0.00   0.00   0.00   0.00   0.00   0.00   0.00   0.00   0.00   0.00   0.00   0.00   0.00   0.00   0.00   0.00   0.00   0.01   0.03   0.06   0.12   0.15   0.32   0.79   1.69   3.53   5.14   7.63  14.04  20.07  30.71  40.03  46.66  55.37  56.96  55.72  62.77
10)Australia                   0.00   0.00   0.00   0.00   0.00   0.00   0.00   0.00   0.00   0.00   0.00   0.00   0.00   0.00   0.00   0.00   0.00   0.00   0.00   0.00   0.00   0.00   0.00   0.00   0.00   0.00   0.00   0.03   0.19   0.56   1.08   1.68   2.84   3.89   6.81  12.37  21.76  24.66  26.17  33.19  44.46  57.12  64.27  71.90  81.51  89.76  94.70 100.06 102.19 100.74 100.43 104.61 105.59 106.84 131.23
11)Spain                       0.00   0.00   0.00   0.00   0.00   0.00   0.00   0.00   0.00   0.00   0.00   0.00   0.00   0.00   0.00   0.00   0.00   0.00   0.00   0.00   0.00   0.00   0.00   0.00   0.00   0.00   0.00   0.01   0.03   0.08   0.14   0.28   0.46   0.66   1.05   2.40   7.59  10.95  16.20  37.56  60.24  72.76  81.10  88.59  90.43  98.40 103.76 108.41 109.68 111.58 111.28 113.06 108.36 106.89 107.85

copied list:
                               1960   1961   1962   1963   1964   1965   1966   1967   1968   1969   1970   1971   1972   1973   1974   1975   1976   1977   1978   1979   1980   1981   1982   1983   1984   1985   1986   1987   1988   1989   1990   1991   1992   1993   1994   1995   1996   1997   1998   1999   2000   2001   2002   2003   2004   2005   2006   2007   2008   2009   2010   2011   2012   2013   2014
0) Mordor                      0.00   0.00   0.00   0.00   0.00   0.00   0.00   0.00   0.00   0.00   0.00   0.00   0.00   0.00   0.00   0.00   0.00   0.00   0.00   0.00   0.00   0.00   0.00   0.00   0.00   0.00   0.00   0.00   0.00   0.00   0.00   0.60   0.91   1.37   1.91   2.73   3.14   4.41   5.58   9.25  28.08  58.52  67.45  70.42  74.08  78.12  83.24  88.03  91.64  99.81 107.26 122.37 124.42 129.75 126.99
1) Ghana                       0.00   0.00   0.00   0.00   0.00   0.00   0.00   0.00   0.00   0.00   0.00   0.00   0.00   0.00   0.00   0.00   0.00   0.00   0.00   0.00   0.00   0.00   0.00   0.00   0.00   0.00   0.00   0.00   0.00   0.00   0.00   0.00   0.00   0.01   0.02   0.04   0.07   0.12   0.23   0.38   0.69   1.26   1.95   3.92   8.14  13.44  23.73  33.76  50.07  63.77  71.87  85.27 100.99 108.19 114.82
2) Pakistan                   99.99  88.88   0.00  77.77   0.00   0.00   0.00   0.00   0.00   0.00   0.00   0.00   0.00   0.00   0.00   0.00   0.00   0.00   0.00   0.00   0.00   0.00   0.00   0.00   0.00   0.00   0.00   0.00   0.00   0.00   0.00   0.01   0.01   0.01   0.02   0.03   0.05   0.10   0.14   0.19   0.21   0.51   1.13   1.58   3.24   8.08  21.45  38.34  52.70  55.46  57.28  61.81  67.06  70.13  73.33
3) "Hong Kong SAR, China"      0.00   0.00   0.00   0.00   0.00   0.00   0.00   0.00   0.00   0.00   0.00   0.00   0.00   0.00   0.00   0.00   0.00   0.00   0.00   0.00   0.00   0.00   0.00   0.00   0.02   0.08   0.18   0.50   0.91   1.56   2.31   3.24   3.95   4.87   8.02  12.99  21.70  34.68  48.16  63.50  79.69  83.80  92.53 106.41 119.10 123.89 136.66 155.04 166.19 179.78 195.67 215.50 229.24 237.35 233.62
4) Caribbean small states      0.00   0.00   0.00   0.00   0.00   0.00   0.00   0.00   0.00   0.00   0.00   0.00   0.00   0.00   0.00   0.00   0.00   0.00   0.00   0.00   0.00   0.00   0.00   0.00   0.00   0.00   0.00   0.00   0.00   0.00   0.03   0.10   0.23   0.41   0.63   1.09   1.38   1.73   2.26   4.11  11.21  18.84  31.43  43.08  55.34  65.17  82.95  94.78 103.94 111.05 114.48 107.95 104.22 109.43 112.89
5) Sierra Leone                0.00   0.00   0.00   0.00   0.00   0.00   0.00   0.00   0.00   0.00   0.00   0.00   0.00   0.00   0.00   0.00   0.00   0.00   0.00   0.00   0.00   0.00   0.00   0.00   0.00   0.00   0.00   0.00   0.00   0.00   0.00   0.00   0.00   0.00   0.00   0.00   0.00   0.00   0.00   0.00   0.29   0.63   1.49   2.40   0.00   0.00   0.00  14.33  18.24  20.56  34.77  36.43  36.96  65.66  76.66
6) Cayman Islands              0.00   0.00   0.00   0.00   0.00   0.00   0.00   0.00   0.00   0.00   0.00   0.00   0.00   0.00   0.00   0.00   0.00   0.00   0.00   0.00   0.00   0.00   0.00   0.00   0.00   0.00   0.00   0.00   0.00   0.00   0.00   2.13   3.61   4.40   6.03   8.00   0.00  11.54  13.70  21.13  25.67  39.25  42.47  45.71  71.46 166.47 185.02 197.19 185.80 200.27 181.17 170.98 171.68 167.77 153.75
7) Liechtenstein               0.00   0.00   0.00   0.00   0.00   0.00   0.00   0.00   0.00   0.00   0.00   0.00   0.00   0.00   0.00   0.00   0.00   0.00   0.00   0.00   0.00   0.00   0.00   0.00   0.00   0.00   0.00   0.00   0.00   0.00   0.00   0.00   0.00   0.00   0.00   0.00   0.00   0.00  23.27  27.54  30.22  32.86  33.71  73.23  74.03  79.17  82.09  90.67  95.55  97.63  98.28 101.60  98.43 104.07 109.30
8) Antigua and Barbuda         0.00   0.00   0.00   0.00   0.00   0.00   0.00   0.00   0.00   0.00   0.00   0.00   0.00   0.00   0.00   0.00   0.00   0.00   0.00   0.00   0.00   0.00   0.00   0.00   0.00   0.00   0.00   0.00   0.00   0.00   0.00   0.00   0.00   0.00   0.00   0.00   1.85   1.94   2.02  11.18  28.33  31.66  47.74  56.98  66.08 104.16 132.00 133.16 160.04 156.34 192.55 199.66 143.01 127.09 132.05
9) Tanzania                    0.00   0.00   0.00   0.00   0.00   0.00   0.00   0.00   0.00   0.00   0.00   0.00   0.00   0.00   0.00   0.00   0.00   0.00   0.00   0.00   0.00   0.00   0.00   0.00   0.00   0.00   0.00   0.00   0.00   0.00   0.00   0.00   0.00   0.00   0.00   0.01   0.03   0.06   0.12   0.15   0.32   0.79   1.69   3.53   5.14   7.63  14.04  20.07  30.71  40.03  46.66  55.37  56.96  55.72  62.77
10)Australia                   0.00   0.00   0.00   0.00   0.00   0.00   0.00   0.00   0.00   0.00   0.00   0.00   0.00   0.00   0.00   0.00   0.00   0.00   0.00   0.00   0.00   0.00   0.00   0.00   0.00   0.00   0.00   0.03   0.19   0.56   1.08   1.68   2.84   3.89   6.81  12.37  21.76  24.66  26.17  33.19  44.46  57.12  64.27  71.90  81.51  89.76  94.70 100.06 102.19 100.74 100.43 104.61 105.59 106.84 131.23
11)Spain                       0.00   0.00   0.00   0.00   0.00   0.00   0.00   0.00   0.00   0.00   0.00   0.00   0.00   0.00   0.00   0.00   0.00   0.00   0.00   0.00   0.00   0.00   0.00   0.00   0.00   0.00   0.00   0.01   0.03   0.08   0.14   0.28   0.46   0.66   1.05   2.40   7.59  10.95  16.20  37.56  60.24  72.76  81.10  88.59  90.43  98.40 103.76 108.41 109.68 111.58 111.28 113.06 108.36 106.89 107.85


Which index in the list do you want to replace?
7

Replaced index 7 with country named Algeria

original list:
                               1960   1961   1962   1963   1964   1965   1966   1967   1968   1969   1970   1971   1972   1973   1974   1975   1976   1977   1978   1979   1980   1981   1982   1983   1984   1985   1986   1987   1988   1989   1990   1991   1992   1993   1994   1995   1996   1997   1998   1999   2000   2001   2002   2003   2004   2005   2006   2007   2008   2009   2010   2011   2012   2013   2014
0) Malta                       0.00   0.00   0.00   0.00   0.00   0.00   0.00   0.00   0.00   0.00   0.00   0.00   0.00   0.00   0.00   0.00   0.00   0.00   0.00   0.00   0.00   0.00   0.00   0.00   0.00   0.00   0.00   0.00   0.00   0.00   0.00   0.60   0.91   1.37   1.91   2.73   3.14   4.41   5.58   9.25  28.08  58.52  67.45  70.42  74.08  78.12  83.24  88.03  91.64  99.81 107.26 122.37 124.42 129.75 126.99
1) Ghana                       0.00   0.00   0.00   0.00   0.00   0.00   0.00   0.00   0.00   0.00   0.00   0.00   0.00   0.00   0.00   0.00   0.00   0.00   0.00   0.00   0.00   0.00   0.00   0.00   0.00   0.00   0.00   0.00   0.00   0.00   0.00   0.00   0.00   0.01   0.02   0.04   0.07   0.12   0.23   0.38   0.69   1.26   1.95   3.92   8.14  13.44  23.73  33.76  50.07  63.77  71.87  85.27 100.99 108.19 114.82
2) Pakistan                    0.00   0.00   0.00   0.00   0.00   0.00   0.00   0.00   0.00   0.00   0.00   0.00   0.00   0.00   0.00   0.00   0.00   0.00   0.00   0.00   0.00   0.00   0.00   0.00   0.00   0.00   0.00   0.00   0.00   0.00   0.00   0.01   0.01   0.01   0.02   0.03   0.05   0.10   0.14   0.19   0.21   0.51   1.13   1.58   3.24   8.08  21.45  38.34  52.70  55.46  57.28  61.81  67.06  70.13  73.33
3) "Hong Kong SAR, China"      0.00   0.00   0.00   0.00   0.00   0.00   0.00   0.00   0.00   0.00   0.00   0.00   0.00   0.00   0.00   0.00   0.00   0.00   0.00   0.00   0.00   0.00   0.00   0.00   0.02   0.08   0.18   0.50   0.91   1.56   2.31   3.24   3.95   4.87   8.02  12.99  21.70  34.68  48.16  63.50  79.69  83.80  92.53 106.41 119.10 123.89 136.66 155.04 166.19 179.78 195.67 215.50 229.24 237.35 233.62
4) Caribbean small states      0.00   0.00   0.00   0.00   0.00   0.00   0.00   0.00   0.00   0.00   0.00   0.00   0.00   0.00   0.00   0.00   0.00   0.00   0.00   0.00   0.00   0.00   0.00   0.00   0.00   0.00   0.00   0.00   0.00   0.00   0.03   0.10   0.23   0.41   0.63   1.09   1.38   1.73   2.26   4.11  11.21  18.84  31.43  43.08  55.34  65.17  82.95  94.78 103.94 111.05 114.48 107.95 104.22 109.43 112.89
5) Albania                     0.00   0.00   0.00   0.00   0.00   0.00   0.00   0.00   0.00   0.00   0.00   0.00   0.00   0.00   0.00   0.00   0.00   0.00   0.00   0.00   0.00   0.00   0.00   0.00   0.00   0.00   0.00   0.00   0.00   0.00   0.00   0.00   0.00   0.00   0.00   0.00   0.07   0.10   0.17   0.33   0.90  11.95  26.08  33.96  39.16  47.88  60.07  73.35  58.91  78.18  85.47  98.29 110.69 116.16 105.47
6) Cayman Islands              0.00   0.00   0.00   0.00   0.00   0.00   0.00   0.00   0.00   0.00   0.00   0.00   0.00   0.00   0.00   0.00   0.00   0.00   0.00   0.00   0.00   0.00   0.00   0.00   0.00   0.00   0.00   0.00   0.00   0.00   0.00   2.13   3.61   4.40   6.03   8.00   0.00  11.54  13.70  21.13  25.67  39.25  42.47  45.71  71.46 166.47 185.02 197.19 185.80 200.27 181.17 170.98 171.68 167.77 153.75
7) Liechtenstein               0.00   0.00   0.00   0.00   0.00   0.00   0.00   0.00   0.00   0.00   0.00   0.00   0.00   0.00   0.00   0.00   0.00   0.00   0.00   0.00   0.00   0.00   0.00   0.00   0.00   0.00   0.00   0.00   0.00   0.00   0.00   0.00   0.00   0.00   0.00   0.00   0.00   0.00  23.27  27.54  30.22  32.86  33.71  73.23  74.03  79.17  82.09  90.67  95.55  97.63  98.28 101.60  98.43 104.07 109.30
8) Antigua and Barbuda         0.00   0.00   0.00   0.00   0.00   0.00   0.00   0.00   0.00   0.00   0.00   0.00   0.00   0.00   0.00   0.00   0.00   0.00   0.00   0.00   0.00   0.00   0.00   0.00   0.00   0.00   0.00   0.00   0.00   0.00   0.00   0.00   0.00   0.00   0.00   0.00   1.85   1.94   2.02  11.18  28.33  31.66  47.74  56.98  66.08 104.16 132.00 133.16 160.04 156.34 192.55 199.66 143.01 127.09 132.05
9) Tanzania                    0.00   0.00   0.00   0.00   0.00   0.00   0.00   0.00   0.00   0.00   0.00   0.00   0.00   0.00   0.00   0.00   0.00   0.00   0.00   0.00   0.00   0.00   0.00   0.00   0.00   0.00   0.00   0.00   0.00   0.00   0.00   0.00   0.00   0.00   0.00   0.01   0.03   0.06   0.12   0.15   0.32   0.79   1.69   3.53   5.14   7.63  14.04  20.07  30.71  40.03  46.66  55.37  56.96  55.72  62.77
10)Australia                   0.00   0.00   0.00   0.00   0.00   0.00   0.00   0.00   0.00   0.00   0.00   0.00   0.00   0.00   0.00   0.00   0.00   0.00   0.00   0.00   0.00   0.00   0.00   0.00   0.00   0.00   0.00   0.03   0.19   0.56   1.08   1.68   2.84   3.89   6.81  12.37  21.76  24.66  26.17  33.19  44.46  57.12  64.27  71.90  81.51  89.76  94.70 100.06 102.19 100.74 100.43 104.61 105.59 106.84 131.23
11)Spain                       0.00   0.00   0.00   0.00   0.00   0.00   0.00   0.00   0.00   0.00   0.00   0.00   0.00   0.00   0.00   0.00   0.00   0.00   0.00   0.00   0.00   0.00   0.00   0.00   0.00   0.00   0.00   0.01   0.03   0.08   0.14   0.28   0.46   0.66   1.05   2.40   7.59  10.95  16.20  37.56  60.24  72.76  81.10  88.59  90.43  98.40 103.76 108.41 109.68 111.58 111.28 113.06 108.36 106.89 107.85

copied list:
                               1960   1961   1962   1963   1964   1965   1966   1967   1968   1969   1970   1971   1972   1973   1974   1975   1976   1977   1978   1979   1980   1981   1982   1983   1984   1985   1986   1987   1988   1989   1990   1991   1992   1993   1994   1995   1996   1997   1998   1999   2000   2001   2002   2003   2004   2005   2006   2007   2008   2009   2010   2011   2012   2013   2014
0) Mordor                      0.00   0.00   0.00   0.00   0.00   0.00   0.00   0.00   0.00   0.00   0.00   0.00   0.00   0.00   0.00   0.00   0.00   0.00   0.00   0.00   0.00   0.00   0.00   0.00   0.00   0.00   0.00   0.00   0.00   0.00   0.00   0.60   0.91   1.37   1.91   2.73   3.14   4.41   5.58   9.25  28.08  58.52  67.45  70.42  74.08  78.12  83.24  88.03  91.64  99.81 107.26 122.37 124.42 129.75 126.99
1) Ghana                       0.00   0.00   0.00   0.00   0.00   0.00   0.00   0.00   0.00   0.00   0.00   0.00   0.00   0.00   0.00   0.00   0.00   0.00   0.00   0.00   0.00   0.00   0.00   0.00   0.00   0.00   0.00   0.00   0.00   0.00   0.00   0.00   0.00   0.01   0.02   0.04   0.07   0.12   0.23   0.38   0.69   1.26   1.95   3.92   8.14  13.44  23.73  33.76  50.07  63.77  71.87  85.27 100.99 108.19 114.82
2) Pakistan                   99.99  88.88   0.00  77.77   0.00   0.00   0.00   0.00   0.00   0.00   0.00   0.00   0.00   0.00   0.00   0.00   0.00   0.00   0.00   0.00   0.00   0.00   0.00   0.00   0.00   0.00   0.00   0.00   0.00   0.00   0.00   0.01   0.01   0.01   0.02   0.03   0.05   0.10   0.14   0.19   0.21   0.51   1.13   1.58   3.24   8.08  21.45  38.34  52.70  55.46  57.28  61.81  67.06  70.13  73.33
3) "Hong Kong SAR, China"      0.00   0.00   0.00   0.00   0.00   0.00   0.00   0.00   0.00   0.00   0.00   0.00   0.00   0.00   0.00   0.00   0.00   0.00   0.00   0.00   0.00   0.00   0.00   0.00   0.02   0.08   0.18   0.50   0.91   1.56   2.31   3.24   3.95   4.87   8.02  12.99  21.70  34.68  48.16  63.50  79.69  83.80  92.53 106.41 119.10 123.89 136.66 155.04 166.19 179.78 195.67 215.50 229.24 237.35 233.62
4) Caribbean small states      0.00   0.00   0.00   0.00   0.00   0.00   0.00   0.00   0.00   0.00   0.00   0.00   0.00   0.00   0.00   0.00   0.00   0.00   0.00   0.00   0.00   0.00   0.00   0.00   0.00   0.00   0.00   0.00   0.00   0.00   0.03   0.10   0.23   0.41   0.63   1.09   1.38   1.73   2.26   4.11  11.21  18.84  31.43  43.08  55.34  65.17  82.95  94.78 103.94 111.05 114.48 107.95 104.22 109.43 112.89
5) Sierra Leone                0.00   0.00   0.00   0.00   0.00   0.00   0.00   0.00   0.00   0.00   0.00   0.00   0.00   0.00   0.00   0.00   0.00   0.00   0.00   0.00   0.00   0.00   0.00   0.00   0.00   0.00   0.00   0.00   0.00   0.00   0.00   0.00   0.00   0.00   0.00   0.00   0.00   0.00   0.00   0.00   0.29   0.63   1.49   2.40   0.00   0.00   0.00  14.33  18.24  20.56  34.77  36.43  36.96  65.66  76.66
6) Cayman Islands              0.00   0.00   0.00   0.00   0.00   0.00   0.00   0.00   0.00   0.00   0.00   0.00   0.00   0.00   0.00   0.00   0.00   0.00   0.00   0.00   0.00   0.00   0.00   0.00   0.00   0.00   0.00   0.00   0.00   0.00   0.00   2.13   3.61   4.40   6.03   8.00   0.00  11.54  13.70  21.13  25.67  39.25  42.47  45.71  71.46 166.47 185.02 197.19 185.80 200.27 181.17 170.98 171.68 167.77 153.75
7) Algeria                     0.00   0.00   0.00   0.00   0.00   0.00   0.00   0.00   0.00   0.00   0.00   0.00   0.00   0.00   0.00   0.00   0.00   0.00   0.00   0.00   0.00   0.00   0.00   0.00   0.00   0.00   0.00   0.00   0.00   0.00   0.00   0.02   0.02   0.02   0.00   0.02   0.04   0.06   0.06   0.23   0.27   0.31   1.38   4.38  14.59  40.23  60.85  78.53  75.66  89.96  88.44  94.31  97.52 100.79  92.95
8) Antigua and Barbuda         0.00   0.00   0.00   0.00   0.00   0.00   0.00   0.00   0.00   0.00   0.00   0.00   0.00   0.00   0.00   0.00   0.00   0.00   0.00   0.00   0.00   0.00   0.00   0.00   0.00   0.00   0.00   0.00   0.00   0.00   0.00   0.00   0.00   0.00   0.00   0.00   1.85   1.94   2.02  11.18  28.33  31.66  47.74  56.98  66.08 104.16 132.00 133.16 160.04 156.34 192.55 199.66 143.01 127.09 132.05
9) Tanzania                    0.00   0.00   0.00   0.00   0.00   0.00   0.00   0.00   0.00   0.00   0.00   0.00   0.00   0.00   0.00   0.00   0.00   0.00   0.00   0.00   0.00   0.00   0.00   0.00   0.00   0.00   0.00   0.00   0.00   0.00   0.00   0.00   0.00   0.00   0.00   0.01   0.03   0.06   0.12   0.15   0.32   0.79   1.69   3.53   5.14   7.63  14.04  20.07  30.71  40.03  46.66  55.37  56.96  55.72  62.77
10)Australia                   0.00   0.00   0.00   0.00   0.00   0.00   0.00   0.00   0.00   0.00   0.00   0.00   0.00   0.00   0.00   0.00   0.00   0.00   0.00   0.00   0.00   0.00   0.00   0.00   0.00   0.00   0.00   0.03   0.19   0.56   1.08   1.68   2.84   3.89   6.81  12.37  21.76  24.66  26.17  33.19  44.46  57.12  64.27  71.90  81.51  89.76  94.70 100.06 102.19 100.74 100.43 104.61 105.59 106.84 131.23
11)Spain                       0.00   0.00   0.00   0.00   0.00   0.00   0.00   0.00   0.00   0.00   0.00   0.00   0.00   0.00   0.00   0.00   0.00   0.00   0.00   0.00   0.00   0.00   0.00   0.00   0.00   0.00   0.00   0.01   0.03   0.08   0.14   0.28   0.46   0.66   1.05   2.40   7.59  10.95  16.20  37.56  60.24  72.76  81.10  88.59  90.43  98.40 103.76 108.41 109.68 111.58 111.28 113.06 108.36 106.89 107.85


Which index in the list do you want to add a new country?
10

Added country named American Samoa at index 10

original list:
                               1960   1961   1962   1963   1964   1965   1966   1967   1968   1969   1970   1971   1972   1973   1974   1975   1976   1977   1978   1979   1980   1981   1982   1983   1984   1985   1986   1987   1988   1989   1990   1991   1992   1993   1994   1995   1996   1997   1998   1999   2000   2001   2002   2003   2004   2005   2006   2007   2008   2009   2010   2011   2012   2013   2014
0) Malta                       0.00   0.00   0.00   0.00   0.00   0.00   0.00   0.00   0.00   0.00   0.00   0.00   0.00   0.00   0.00   0.00   0.00   0.00   0.00   0.00   0.00   0.00   0.00   0.00   0.00   0.00   0.00   0.00   0.00   0.00   0.00   0.60   0.91   1.37   1.91   2.73   3.14   4.41   5.58   9.25  28.08  58.52  67.45  70.42  74.08  78.12  83.24  88.03  91.64  99.81 107.26 122.37 124.42 129.75 126.99
1) Ghana                       0.00   0.00   0.00   0.00   0.00   0.00   0.00   0.00   0.00   0.00   0.00   0.00   0.00   0.00   0.00   0.00   0.00   0.00   0.00   0.00   0.00   0.00   0.00   0.00   0.00   0.00   0.00   0.00   0.00   0.00   0.00   0.00   0.00   0.01   0.02   0.04   0.07   0.12   0.23   0.38   0.69   1.26   1.95   3.92   8.14  13.44  23.73  33.76  50.07  63.77  71.87  85.27 100.99 108.19 114.82
2) Pakistan                    0.00   0.00   0.00   0.00   0.00   0.00   0.00   0.00   0.00   0.00   0.00   0.00   0.00   0.00   0.00   0.00   0.00   0.00   0.00   0.00   0.00   0.00   0.00   0.00   0.00   0.00   0.00   0.00   0.00   0.00   0.00   0.01   0.01   0.01   0.02   0.03   0.05   0.10   0.14   0.19   0.21   0.51   1.13   1.58   3.24   8.08  21.45  38.34  52.70  55.46  57.28  61.81  67.06  70.13  73.33
3) "Hong Kong SAR, China"      0.00   0.00   0.00   0.00   0.00   0.00   0.00   0.00   0.00   0.00   0.00   0.00   0.00   0.00   0.00   0.00   0.00   0.00   0.00   0.00   0.00   0.00   0.00   0.00   0.02   0.08   0.18   0.50   0.91   1.56   2.31   3.24   3.95   4.87   8.02  12.99  21.70  34.68  48.16  63.50  79.69  83.80  92.53 106.41 119.10 123.89 136.66 155.04 166.19 179.78 195.67 215.50 229.24 237.35 233.62
4) Caribbean small states      0.00   0.00   0.00   0.00   0.00   0.00   0.00   0.00   0.00   0.00   0.00   0.00   0.00   0.00   0.00   0.00   0.00   0.00   0.00   0.00   0.00   0.00   0.00   0.00   0.00   0.00   0.00   0.00   0.00   0.00   0.03   0.10   0.23   0.41   0.63   1.09   1.38   1.73   2.26   4.11  11.21  18.84  31.43  43.08  55.34  65.17  82.95  94.78 103.94 111.05 114.48 107.95 104.22 109.43 112.89
5) Albania                     0.00   0.00   0.00   0.00   0.00   0.00   0.00   0.00   0.00   0.00   0.00   0.00   0.00   0.00   0.00   0.00   0.00   0.00   0.00   0.00   0.00   0.00   0.00   0.00   0.00   0.00   0.00   0.00   0.00   0.00   0.00   0.00   0.00   0.00   0.00   0.00   0.07   0.10   0.17   0.33   0.90  11.95  26.08  33.96  39.16  47.88  60.07  73.35  58.91  78.18  85.47  98.29 110.69 116.16 105.47
6) Cayman Islands              0.00   0.00   0.00   0.00   0.00   0.00   0.00   0.00   0.00   0.00   0.00   0.00   0.00   0.00   0.00   0.00   0.00   0.00   0.00   0.00   0.00   0.00   0.00   0.00   0.00   0.00   0.00   0.00   0.00   0.00   0.00   2.13   3.61   4.40   6.03   8.00   0.00  11.54  13.70  21.13  25.67  39.25  42.47  45.71  71.46 166.47 185.02 197.19 185.80 200.27 181.17 170.98 171.68 167.77 153.75
7) Liechtenstein               0.00   0.00   0.00   0.00   0.00   0.00   0.00   0.00   0.00   0.00   0.00   0.00   0.00   0.00   0.00   0.00   0.00   0.00   0.00   0.00   0.00   0.00   0.00   0.00   0.00   0.00   0.00   0.00   0.00   0.00   0.00   0.00   0.00   0.00   0.00   0.00   0.00   0.00  23.27  27.54  30.22  32.86  33.71  73.23  74.03  79.17  82.09  90.67  95.55  97.63  98.28 101.60  98.43 104.07 109.30
8) Antigua and Barbuda         0.00   0.00   0.00   0.00   0.00   0.00   0.00   0.00   0.00   0.00   0.00   0.00   0.00   0.00   0.00   0.00   0.00   0.00   0.00   0.00   0.00   0.00   0.00   0.00   0.00   0.00   0.00   0.00   0.00   0.00   0.00   0.00   0.00   0.00   0.00   0.00   1.85   1.94   2.02  11.18  28.33  31.66  47.74  56.98  66.08 104.16 132.00 133.16 160.04 156.34 192.55 199.66 143.01 127.09 132.05
9) Tanzania                    0.00   0.00   0.00   0.00   0.00   0.00   0.00   0.00   0.00   0.00   0.00   0.00   0.00   0.00   0.00   0.00   0.00   0.00   0.00   0.00   0.00   0.00   0.00   0.00   0.00   0.00   0.00   0.00   0.00   0.00   0.00   0.00   0.00   0.00   0.00   0.01   0.03   0.06   0.12   0.15   0.32   0.79   1.69   3.53   5.14   7.63  14.04  20.07  30.71  40.03  46.66  55.37  56.96  55.72  62.77
10)Australia                   0.00   0.00   0.00   0.00   0.00   0.00   0.00   0.00   0.00   0.00   0.00   0.00   0.00   0.00   0.00   0.00   0.00   0.00   0.00   0.00   0.00   0.00   0.00   0.00   0.00   0.00   0.00   0.03   0.19   0.56   1.08   1.68   2.84   3.89   6.81  12.37  21.76  24.66  26.17  33.19  44.46  57.12  64.27  71.90  81.51  89.76  94.70 100.06 102.19 100.74 100.43 104.61 105.59 106.84 131.23
11)Spain                       0.00   0.00   0.00   0.00   0.00   0.00   0.00   0.00   0.00   0.00   0.00   0.00   0.00   0.00   0.00   0.00   0.00   0.00   0.00   0.00   0.00   0.00   0.00   0.00   0.00   0.00   0.00   0.01   0.03   0.08   0.14   0.28   0.46   0.66   1.05   2.40   7.59  10.95  16.20  37.56  60.24  72.76  81.10  88.59  90.43  98.40 103.76 108.41 109.68 111.58 111.28 113.06 108.36 106.89 107.85

copied list:
                               1960   1961   1962   1963   1964   1965   1966   1967   1968   1969   1970   1971   1972   1973   1974   1975   1976   1977   1978   1979   1980   1981   1982   1983   1984   1985   1986   1987   1988   1989   1990   1991   1992   1993   1994   1995   1996   1997   1998   1999   2000   2001   2002   2003   2004   2005   2006   2007   2008   2009   2010   2011   2012   2013   2014
0) Mordor                      0.00   0.00   0.00   0.00   0.00   0.00   0.00   0.00   0.00   0.00   0.00   0.00   0.00   0.00   0.00   0.00   0.00   0.00   0.00   0.00   0.00   0.00   0.00   0.00   0.00   0.00   0.00   0.00   0.00   0.00   0.00   0.60   0.91   1.37   1.91   2.73   3.14   4.41   5.58   9.25  28.08  58.52  67.45  70.42  74.08  78.12  83.24  88.03  91.64  99.81 107.26 122.37 124.42 129.75 126.99
1) Ghana                       0.00   0.00   0.00   0.00   0.00   0.00   0.00   0.00   0.00   0.00   0.00   0.00   0.00   0.00   0.00   0.00   0.00   0.00   0.00   0.00   0.00   0.00   0.00   0.00   0.00   0.00   0.00   0.00   0.00   0.00   0.00   0.00   0.00   0.01   0.02   0.04   0.07   0.12   0.23   0.38   0.69   1.26   1.95   3.92   8.14  13.44  23.73  33.76  50.07  63.77  71.87  85.27 100.99 108.19 114.82
2) Pakistan                   99.99  88.88   0.00  77.77   0.00   0.00   0.00   0.00   0.00   0.00   0.00   0.00   0.00   0.00   0.00   0.00   0.00   0.00   0.00   0.00   0.00   0.00   0.00   0.00   0.00   0.00   0.00   0.00   0.00   0.00   0.00   0.01   0.01   0.01   0.02   0.03   0.05   0.10   0.14   0.19   0.21   0.51   1.13   1.58   3.24   8.08  21.45  38.34  52.70  55.46  57.28  61.81  67.06  70.13  73.33
3) "Hong Kong SAR, China"      0.00   0.00   0.00   0.00   0.00   0.00   0.00   0.00   0.00   0.00   0.00   0.00   0.00   0.00   0.00   0.00   0.00   0.00   0.00   0.00   0.00   0.00   0.00   0.00   0.02   0.08   0.18   0.50   0.91   1.56   2.31   3.24   3.95   4.87   8.02  12.99  21.70  34.68  48.16  63.50  79.69  83.80  92.53 106.41 119.10 123.89 136.66 155.04 166.19 179.78 195.67 215.50 229.24 237.35 233.62
4) Caribbean small states      0.00   0.00   0.00   0.00   0.00   0.00   0.00   0.00   0.00   0.00   0.00   0.00   0.00   0.00   0.00   0.00   0.00   0.00   0.00   0.00   0.00   0.00   0.00   0.00   0.00   0.00   0.00   0.00   0.00   0.00   0.03   0.10   0.23   0.41   0.63   1.09   1.38   1.73   2.26   4.11  11.21  18.84  31.43  43.08  55.34  65.17  82.95  94.78 103.94 111.05 114.48 107.95 104.22 109.43 112.89
5) Sierra Leone                0.00   0.00   0.00   0.00   0.00   0.00   0.00   0.00   0.00   0.00   0.00   0.00   0.00   0.00   0.00   0.00   0.00   0.00   0.00   0.00   0.00   0.00   0.00   0.00   0.00   0.00   0.00   0.00   0.00   0.00   0.00   0.00   0.00   0.00   0.00   0.00   0.00   0.00   0.00   0.00   0.29   0.63   1.49   2.40   0.00   0.00   0.00  14.33  18.24  20.56  34.77  36.43  36.96  65.66  76.66
6) Cayman Islands              0.00   0.00   0.00   0.00   0.00   0.00   0.00   0.00   0.00   0.00   0.00   0.00   0.00   0.00   0.00   0.00   0.00   0.00   0.00   0.00   0.00   0.00   0.00   0.00   0.00   0.00   0.00   0.00   0.00   0.00   0.00   2.13   3.61   4.40   6.03   8.00   0.00  11.54  13.70  21.13  25.67  39.25  42.47  45.71  71.46 166.47 185.02 197.19 185.80 200.27 181.17 170.98 171.68 167.77 153.75
7) Algeria                     0.00   0.00   0.00   0.00   0.00   0.00   0.00   0.00   0.00   0.00   0.00   0.00   0.00   0.00   0.00   0.00   0.00   0.00   0.00   0.00   0.00   0.00   0.00   0.00   0.00   0.00   0.00   0.00   0.00   0.00   0.00   0.02   0.02   0.02   0.00   0.02   0.04   0.06   0.06   0.23   0.27   0.31   1.38   4.38  14.59  40.23  60.85  78.53  75.66  89.96  88.44  94.31  97.52 100.79  92.95
8) Antigua and Barbuda         0.00   0.00   0.00   0.00   0.00   0.00   0.00   0.00   0.00   0.00   0.00   0.00   0.00   0.00   0.00   0.00   0.00   0.00   0.00   0.00   0.00   0.00   0.00   0.00   0.00   0.00   0.00   0.00   0.00   0.00   0.00   0.00   0.00   0.00   0.00   0.00   1.85   1.94   2.02  11.18  28.33  31.66  47.74  56.98  66.08 104.16 132.00 133.16 160.04 156.34 192.55 199.66 143.01 127.09 132.05
9) Tanzania                    0.00   0.00   0.00   0.00   0.00   0.00   0.00   0.00   0.00   0.00   0.00   0.00   0.00   0.00   0.00   0.00   0.00   0.00   0.00   0.00   0.00   0.00   0.00   0.00   0.00   0.00   0.00   0.00   0.00   0.00   0.00   0.00   0.00   0.00   0.00   0.01   0.03   0.06   0.12   0.15   0.32   0.79   1.69   3.53   5.14   7.63  14.04  20.07  30.71  40.03  46.66  55.37  56.96  55.72  62.77
10)American Samoa              0.00   0.00   0.00   0.00   0.00   0.00   0.00   0.00   0.00   0.00   0.00   0.00   0.00   0.00   0.00   0.00   0.00   0.00   0.00   0.00   0.00   0.00   0.00   0.00   0.00   0.00   0.00   0.00   0.00   0.00   0.00   0.00   1.41   1.77   2.32   2.36   2.41   2.55   2.68   3.17   3.46   3.71   3.47   3.55   3.80   0.00   0.00   0.00   0.00   0.00   0.00   0.00   0.00   0.00   0.00
11)Australia                   0.00   0.00   0.00   0.00   0.00   0.00   0.00   0.00   0.00   0.00   0.00   0.00   0.00   0.00   0.00   0.00   0.00   0.00   0.00   0.00   0.00   0.00   0.00   0.00   0.00   0.00   0.00   0.03   0.19   0.56   1.08   1.68   2.84   3.89   6.81  12.37  21.76  24.66  26.17  33.19  44.46  57.12  64.27  71.90  81.51  89.76  94.70 100.06 102.19 100.74 100.43 104.61 105.59 106.84 131.23
12)Spain                       0.00   0.00   0.00   0.00   0.00   0.00   0.00   0.00   0.00   0.00   0.00   0.00   0.00   0.00   0.00   0.00   0.00   0.00   0.00   0.00   0.00   0.00   0.00   0.00   0.00   0.00   0.00   0.01   0.03   0.08   0.14   0.28   0.46   0.66   1.05   2.40   7.59  10.95  16.20  37.56  60.24  72.76  81.10  88.59  90.43  98.40 103.76 108.41 109.68 111.58 111.28 113.06 108.36 106.89 107.85


Done with TestCopyCountryList.
